 Tamanho de la matriz:           6

 Matriz a:
   1.0000000000000000        1.0000000000000000        1.0000000000000000        1.0000000000000000        1.0000000000000000        1.0000000000000000     
   2.0000000000000000        4.0000000000000000        4.0000000000000000        4.0000000000000000        4.0000000000000000        4.0000000000000000     
   3.0000000000000000        7.0000000000000000        10.000000000000000        10.000000000000000        10.000000000000000        10.000000000000000     
   4.0000000000000000        10.000000000000000        16.000000000000000        20.000000000000000        20.000000000000000        20.000000000000000     
   5.0000000000000000        13.000000000000000        22.000000000000000        30.000000000000000        35.000000000000000        35.000000000000000     
   6.0000000000000000        16.000000000000000        28.000000000000000        40.000000000000000        50.000000000000000        56.000000000000000     

 Vector b:   24.000000000000000        93.000000000000000        222.00000000000000        417.00000000000000        672.00000000000000        966.00000000000000     

 Matriz A_           2
   1.0000000000000000        1.0000000000000000        1.0000000000000000        1.0000000000000000        1.0000000000000000        1.0000000000000000     
   2.0000000000000000        2.0000000000000000        2.0000000000000000        2.0000000000000000        2.0000000000000000        2.0000000000000000     
   3.0000000000000000        7.0000000000000000        10.000000000000000        10.000000000000000        10.000000000000000        10.000000000000000     
   4.0000000000000000        10.000000000000000        16.000000000000000        20.000000000000000        20.000000000000000        20.000000000000000     
   5.0000000000000000        13.000000000000000        22.000000000000000        30.000000000000000        35.000000000000000        35.000000000000000     
   6.0000000000000000        16.000000000000000        28.000000000000000        40.000000000000000        50.000000000000000        56.000000000000000     

 Vector b_           2
   24.000000000000000        45.000000000000000        222.00000000000000        417.00000000000000        672.00000000000000        966.00000000000000     

 Matriz A_           3
   1.0000000000000000        1.0000000000000000        1.0000000000000000        1.0000000000000000        1.0000000000000000        1.0000000000000000     
   2.0000000000000000        2.0000000000000000        2.0000000000000000        2.0000000000000000        2.0000000000000000        2.0000000000000000     
   3.0000000000000000        4.0000000000000000        7.0000000000000000        7.0000000000000000        7.0000000000000000        7.0000000000000000     
   4.0000000000000000        10.000000000000000        16.000000000000000        20.000000000000000        20.000000000000000        20.000000000000000     
   5.0000000000000000        13.000000000000000        22.000000000000000        30.000000000000000        35.000000000000000        35.000000000000000     
   6.0000000000000000        16.000000000000000        28.000000000000000        40.000000000000000        50.000000000000000        56.000000000000000     

 Vector b_           3
   24.000000000000000        45.000000000000000        150.00000000000000        417.00000000000000        672.00000000000000        966.00000000000000     

 Matriz A_           4
   1.0000000000000000        1.0000000000000000        1.0000000000000000        1.0000000000000000        1.0000000000000000        1.0000000000000000     
   2.0000000000000000        2.0000000000000000        2.0000000000000000        2.0000000000000000        2.0000000000000000        2.0000000000000000     
   3.0000000000000000        4.0000000000000000        7.0000000000000000        7.0000000000000000        7.0000000000000000        7.0000000000000000     
   4.0000000000000000        6.0000000000000000        12.000000000000000        16.000000000000000        16.000000000000000        16.000000000000000     
   5.0000000000000000        13.000000000000000        22.000000000000000        30.000000000000000        35.000000000000000        35.000000000000000     
   6.0000000000000000        16.000000000000000        28.000000000000000        40.000000000000000        50.000000000000000        56.000000000000000     

 Vector b_           4
   24.000000000000000        45.000000000000000        150.00000000000000        321.00000000000000        672.00000000000000        966.00000000000000     

 Matriz A_           5
   1.0000000000000000        1.0000000000000000        1.0000000000000000        1.0000000000000000        1.0000000000000000        1.0000000000000000     
   2.0000000000000000        2.0000000000000000        2.0000000000000000        2.0000000000000000        2.0000000000000000        2.0000000000000000     
   3.0000000000000000        4.0000000000000000        7.0000000000000000        7.0000000000000000        7.0000000000000000        7.0000000000000000     
   4.0000000000000000        6.0000000000000000        12.000000000000000        16.000000000000000        16.000000000000000        16.000000000000000     
   5.0000000000000000        8.0000000000000000        17.000000000000000        25.000000000000000        30.000000000000000        30.000000000000000     
   6.0000000000000000        16.000000000000000        28.000000000000000        40.000000000000000        50.000000000000000        56.000000000000000     

 Vector b_           5
   24.000000000000000        45.000000000000000        150.00000000000000        321.00000000000000        552.00000000000000        966.00000000000000     

 Matriz A_           6
   1.0000000000000000        1.0000000000000000        1.0000000000000000        1.0000000000000000        1.0000000000000000        1.0000000000000000     
   2.0000000000000000        2.0000000000000000        2.0000000000000000        2.0000000000000000        2.0000000000000000        2.0000000000000000     
   3.0000000000000000        4.0000000000000000        7.0000000000000000        7.0000000000000000        7.0000000000000000        7.0000000000000000     
   4.0000000000000000        6.0000000000000000        12.000000000000000        16.000000000000000        16.000000000000000        16.000000000000000     
   5.0000000000000000        8.0000000000000000        17.000000000000000        25.000000000000000        30.000000000000000        30.000000000000000     
   6.0000000000000000        10.000000000000000        22.000000000000000        34.000000000000000        44.000000000000000        50.000000000000000     

 Vector b_           6
   24.000000000000000        45.000000000000000        150.00000000000000        321.00000000000000        552.00000000000000        822.00000000000000     

 Matriz A_           3
   1.0000000000000000        1.0000000000000000        1.0000000000000000        1.0000000000000000        1.0000000000000000        1.0000000000000000     
   2.0000000000000000        2.0000000000000000        2.0000000000000000        2.0000000000000000        2.0000000000000000        2.0000000000000000     
   3.0000000000000000        4.0000000000000000        3.0000000000000000        3.0000000000000000        3.0000000000000000        3.0000000000000000     
   4.0000000000000000        6.0000000000000000        12.000000000000000        16.000000000000000        16.000000000000000        16.000000000000000     
   5.0000000000000000        8.0000000000000000        17.000000000000000        25.000000000000000        30.000000000000000        30.000000000000000     
   6.0000000000000000        10.000000000000000        22.000000000000000        34.000000000000000        44.000000000000000        50.000000000000000     

 Vector b_           3
   24.000000000000000        45.000000000000000        60.000000000000000        321.00000000000000        552.00000000000000        822.00000000000000     

 Matriz A_           4
   1.0000000000000000        1.0000000000000000        1.0000000000000000        1.0000000000000000        1.0000000000000000        1.0000000000000000     
   2.0000000000000000        2.0000000000000000        2.0000000000000000        2.0000000000000000        2.0000000000000000        2.0000000000000000     
   3.0000000000000000        4.0000000000000000        3.0000000000000000        3.0000000000000000        3.0000000000000000        3.0000000000000000     
   4.0000000000000000        6.0000000000000000        6.0000000000000000        10.000000000000000        10.000000000000000        10.000000000000000     
   5.0000000000000000        8.0000000000000000        17.000000000000000        25.000000000000000        30.000000000000000        30.000000000000000     
   6.0000000000000000        10.000000000000000        22.000000000000000        34.000000000000000        44.000000000000000        50.000000000000000     

 Vector b_           4
   24.000000000000000        45.000000000000000        60.000000000000000        186.00000000000000        552.00000000000000        822.00000000000000     

 Matriz A_           5
   1.0000000000000000        1.0000000000000000        1.0000000000000000        1.0000000000000000        1.0000000000000000        1.0000000000000000     
   2.0000000000000000        2.0000000000000000        2.0000000000000000        2.0000000000000000        2.0000000000000000        2.0000000000000000     
   3.0000000000000000        4.0000000000000000        3.0000000000000000        3.0000000000000000        3.0000000000000000        3.0000000000000000     
   4.0000000000000000        6.0000000000000000        6.0000000000000000        10.000000000000000        10.000000000000000        10.000000000000000     
   5.0000000000000000        8.0000000000000000        9.0000000000000000        17.000000000000000        22.000000000000000        22.000000000000000     
   6.0000000000000000        10.000000000000000        22.000000000000000        34.000000000000000        44.000000000000000        50.000000000000000     

 Vector b_           5
   24.000000000000000        45.000000000000000        60.000000000000000        186.00000000000000        372.00000000000000        822.00000000000000     

 Matriz A_           6
   1.0000000000000000        1.0000000000000000        1.0000000000000000        1.0000000000000000        1.0000000000000000        1.0000000000000000     
   2.0000000000000000        2.0000000000000000        2.0000000000000000        2.0000000000000000        2.0000000000000000        2.0000000000000000     
   3.0000000000000000        4.0000000000000000        3.0000000000000000        3.0000000000000000        3.0000000000000000        3.0000000000000000     
   4.0000000000000000        6.0000000000000000        6.0000000000000000        10.000000000000000        10.000000000000000        10.000000000000000     
   5.0000000000000000        8.0000000000000000        9.0000000000000000        17.000000000000000        22.000000000000000        22.000000000000000     
   6.0000000000000000        10.000000000000000        12.000000000000000        24.000000000000000        34.000000000000000        40.000000000000000     

 Vector b_           6
   24.000000000000000        45.000000000000000        60.000000000000000        186.00000000000000        372.00000000000000        597.00000000000000     

 Matriz A_           4
   1.0000000000000000        1.0000000000000000        1.0000000000000000        1.0000000000000000        1.0000000000000000        1.0000000000000000     
   2.0000000000000000        2.0000000000000000        2.0000000000000000        2.0000000000000000        2.0000000000000000        2.0000000000000000     
   3.0000000000000000        4.0000000000000000        3.0000000000000000        3.0000000000000000        3.0000000000000000        3.0000000000000000     
   4.0000000000000000        6.0000000000000000        6.0000000000000000        4.0000000000000000        4.0000000000000000        4.0000000000000000     
   5.0000000000000000        8.0000000000000000        9.0000000000000000        17.000000000000000        22.000000000000000        22.000000000000000     
   6.0000000000000000        10.000000000000000        12.000000000000000        24.000000000000000        34.000000000000000        40.000000000000000     

 Vector b_           4
   24.000000000000000        45.000000000000000        60.000000000000000        66.000000000000000        372.00000000000000        597.00000000000000     

 Matriz A_           5
   1.0000000000000000        1.0000000000000000        1.0000000000000000        1.0000000000000000        1.0000000000000000        1.0000000000000000     
   2.0000000000000000        2.0000000000000000        2.0000000000000000        2.0000000000000000        2.0000000000000000        2.0000000000000000     
   3.0000000000000000        4.0000000000000000        3.0000000000000000        3.0000000000000000        3.0000000000000000        3.0000000000000000     
   4.0000000000000000        6.0000000000000000        6.0000000000000000        4.0000000000000000        4.0000000000000000        4.0000000000000000     
   5.0000000000000000        8.0000000000000000        9.0000000000000000        8.0000000000000000        13.000000000000000        13.000000000000000     
   6.0000000000000000        10.000000000000000        12.000000000000000        24.000000000000000        34.000000000000000        40.000000000000000     

 Vector b_           5
   24.000000000000000        45.000000000000000        60.000000000000000        66.000000000000000        192.00000000000000        597.00000000000000     

 Matriz A_           6
   1.0000000000000000        1.0000000000000000        1.0000000000000000        1.0000000000000000        1.0000000000000000        1.0000000000000000     
   2.0000000000000000        2.0000000000000000        2.0000000000000000        2.0000000000000000        2.0000000000000000        2.0000000000000000     
   3.0000000000000000        4.0000000000000000        3.0000000000000000        3.0000000000000000        3.0000000000000000        3.0000000000000000     
   4.0000000000000000        6.0000000000000000        6.0000000000000000        4.0000000000000000        4.0000000000000000        4.0000000000000000     
   5.0000000000000000        8.0000000000000000        9.0000000000000000        8.0000000000000000        13.000000000000000        13.000000000000000     
   6.0000000000000000        10.000000000000000        12.000000000000000        12.000000000000000        22.000000000000000        28.000000000000000     

 Vector b_           6
   24.000000000000000        45.000000000000000        60.000000000000000        66.000000000000000        192.00000000000000        357.00000000000000     

 Matriz A_           5
   1.0000000000000000        1.0000000000000000        1.0000000000000000        1.0000000000000000        1.0000000000000000        1.0000000000000000     
   2.0000000000000000        2.0000000000000000        2.0000000000000000        2.0000000000000000        2.0000000000000000        2.0000000000000000     
   3.0000000000000000        4.0000000000000000        3.0000000000000000        3.0000000000000000        3.0000000000000000        3.0000000000000000     
   4.0000000000000000        6.0000000000000000        6.0000000000000000        4.0000000000000000        4.0000000000000000        4.0000000000000000     
   5.0000000000000000        8.0000000000000000        9.0000000000000000        8.0000000000000000        5.0000000000000000        5.0000000000000000     
   6.0000000000000000        10.000000000000000        12.000000000000000        12.000000000000000        22.000000000000000        28.000000000000000     

 Vector b_           5
   24.000000000000000        45.000000000000000        60.000000000000000        66.000000000000000        60.000000000000000        357.00000000000000     

 Matriz A_           6
   1.0000000000000000        1.0000000000000000        1.0000000000000000        1.0000000000000000        1.0000000000000000        1.0000000000000000     
   2.0000000000000000        2.0000000000000000        2.0000000000000000        2.0000000000000000        2.0000000000000000        2.0000000000000000     
   3.0000000000000000        4.0000000000000000        3.0000000000000000        3.0000000000000000        3.0000000000000000        3.0000000000000000     
   4.0000000000000000        6.0000000000000000        6.0000000000000000        4.0000000000000000        4.0000000000000000        4.0000000000000000     
   5.0000000000000000        8.0000000000000000        9.0000000000000000        8.0000000000000000        5.0000000000000000        5.0000000000000000     
   6.0000000000000000        10.000000000000000        12.000000000000000        12.000000000000000        10.000000000000000        16.000000000000000     

 Vector b_           6
   24.000000000000000        45.000000000000000        60.000000000000000        66.000000000000000        60.000000000000000        159.00000000000000     

 Matriz A_           6
   1.0000000000000000        1.0000000000000000        1.0000000000000000        1.0000000000000000        1.0000000000000000        1.0000000000000000     
   2.0000000000000000        2.0000000000000000        2.0000000000000000        2.0000000000000000        2.0000000000000000        2.0000000000000000     
   3.0000000000000000        4.0000000000000000        3.0000000000000000        3.0000000000000000        3.0000000000000000        3.0000000000000000     
   4.0000000000000000        6.0000000000000000        6.0000000000000000        4.0000000000000000        4.0000000000000000        4.0000000000000000     
   5.0000000000000000        8.0000000000000000        9.0000000000000000        8.0000000000000000        5.0000000000000000        5.0000000000000000     
   6.0000000000000000        10.000000000000000        12.000000000000000        12.000000000000000        10.000000000000000        6.0000000000000000     

 Vector b_           6
   24.000000000000000        45.000000000000000        60.000000000000000        66.000000000000000        60.000000000000000        39.000000000000000     

 Determinante:   720.00000000000000     

 Matriz reducida (con los factores de escalado):
   1.0000000000000000        1.0000000000000000        1.0000000000000000        1.0000000000000000        1.0000000000000000        1.0000000000000000     
   2.0000000000000000        2.0000000000000000        2.0000000000000000        2.0000000000000000        2.0000000000000000        2.0000000000000000     
   3.0000000000000000        4.0000000000000000        3.0000000000000000        3.0000000000000000        3.0000000000000000        3.0000000000000000     
   4.0000000000000000        6.0000000000000000        6.0000000000000000        4.0000000000000000        4.0000000000000000        4.0000000000000000     
   5.0000000000000000        8.0000000000000000        9.0000000000000000        8.0000000000000000        5.0000000000000000        5.0000000000000000     
   6.0000000000000000        10.000000000000000        12.000000000000000        12.000000000000000        10.000000000000000        6.0000000000000000     

 Terminos independientes   24.000000000000000        45.000000000000000        60.000000000000000        66.000000000000000        60.000000000000000        39.000000000000000     

 Solucion:   1.5000000000000000        2.5000000000000000        3.5000000000000000        4.5000000000000000        5.5000000000000000        6.5000000000000000     

 Residuo:    0.0000000000000000        0.0000000000000000        0.0000000000000000        0.0000000000000000        0.0000000000000000        0.0000000000000000     

 Norma infinito de r:   0.0000000000000000     

 Tiempo total de calculo:    6.79000048E-04
