 Tamanho de la matriz:           4

 Matriz a:
  0.50000000000000000       -2.0000000000000000        2.0000000000000000       -2.0000000000000000     
   10.000000000000000        0.0000000000000000       -2.0000000000000000        2.0000000000000000     
   0.0000000000000000        12.000000000000000       0.50000000000000000       -2.0000000000000000     
   0.0000000000000000        0.0000000000000000        14.000000000000000        0.0000000000000000     

 Vector b:   1.0000000000000000        1.0000000000000000        1.0000000000000000        1.0000000000000000     

 Etapa           1

 Matriz:
   10.000000000000000        0.0000000000000000       -2.0000000000000000        2.0000000000000000     
   5.0000000000000003E-002  -2.0000000000000000        2.1000000000000001       -2.1000000000000001     
   0.0000000000000000        12.000000000000000       0.50000000000000000       -2.0000000000000000     
   0.0000000000000000        0.0000000000000000        14.000000000000000        0.0000000000000000     

 Permutacion de filas:           2           1           3           4

 Etapa           2

 Matriz:
   10.000000000000000        0.0000000000000000       -2.0000000000000000        2.0000000000000000     
   0.0000000000000000        12.000000000000000       0.50000000000000000       -2.0000000000000000     
   5.0000000000000003E-002 -0.16666666666666666        2.1833333333333336       -2.4333333333333336     
   0.0000000000000000        0.0000000000000000        14.000000000000000        0.0000000000000000     

 Permutacion de filas:           2           3           1           4

 Etapa           3

 Matriz:
   10.000000000000000        0.0000000000000000       -2.0000000000000000        2.0000000000000000     
   0.0000000000000000        12.000000000000000       0.50000000000000000       -2.0000000000000000     
   0.0000000000000000        0.0000000000000000        14.000000000000000        0.0000000000000000     
   5.0000000000000003E-002 -0.16666666666666666       0.15595238095238098       -2.4333333333333336     

 Permutacion de filas:           2           3           4           1

 Determinante:   4088.0000000000005     

 Cambios de filas totales:           3

 Permutación de filas           2           3           4           1

 Matriz escalonada:
   10.000000000000000        0.0000000000000000       -2.0000000000000000        2.0000000000000000     
   0.0000000000000000        12.000000000000000       0.50000000000000000       -2.0000000000000000     
   0.0000000000000000        0.0000000000000000        14.000000000000000        0.0000000000000000     
   5.0000000000000003E-002 -0.16666666666666666       0.15595238095238098       -2.4333333333333336     

 Solucion:  0.19324853228962818        1.4554794520547957E-002   7.1428571428571425E-002 -0.39481409001956941     

 Residuo:   -2.2204460492503131E-016   4.4408920985006262E-016   0.0000000000000000        0.0000000000000000     

 Tiempo total de calculo:    5.50000230E-04
