 Numero de filas de la primera matriz:           5
 Numero de columnas de la primera matriz/filas de la segunda:           6
 Numero de columnas de la segunda matriz:           4

 Matriz a:
   1.00000000       2.00000000       3.00000000       4.00000000       5.00000000       6.00000000    
   6.00000000       5.00000000       4.00000000       3.00000000       2.00000000       1.00000000    
   1.00000000       2.00000000       3.00000000       4.00000000       5.00000000       6.00000000    
   6.00000000       5.00000000       4.00000000       3.00000000       2.00000000       1.00000000    
   1.00000000       2.00000000       3.00000000       4.00000000       5.00000000       6.00000000    

 Matriz b:
   1.00000000       2.00000000       3.00000000       4.00000000    
   6.00000000       5.00000000       4.00000000       3.00000000    
   1.00000000       2.00000000       3.00000000       4.00000000    
   6.00000000       5.00000000       4.00000000       3.00000000    
   1.00000000       2.00000000       3.00000000       4.00000000    
   6.00000000       5.00000000       4.00000000       3.00000000    

 Resultado con matmul():
   81.0000000       78.0000000       75.0000000       72.0000000    
   66.0000000       69.0000000       72.0000000       75.0000000    
   81.0000000       78.0000000       75.0000000       72.0000000    
   66.0000000       69.0000000       72.0000000       75.0000000    
   81.0000000       78.0000000       75.0000000       72.0000000    

 Resultado con bucles sobre las columnas de A:
   81.0000000       78.0000000       75.0000000       72.0000000    
   66.0000000       69.0000000       72.0000000       75.0000000    
   81.0000000       78.0000000       75.0000000       72.0000000    
   66.0000000       69.0000000       72.0000000       75.0000000    
   81.0000000       78.0000000       75.0000000       72.0000000    
