 Numero de filas:           5
 Numero de columnas:           6

 Matriz a:
   1.00000000       2.00000000       3.00000000       4.00000000       5.00000000       6.00000000    
   6.00000000       5.00000000       4.00000000       3.00000000       2.00000000       1.00000000    
   1.00000000       2.00000000       3.00000000       4.00000000       5.00000000       6.00000000    
   6.00000000       5.00000000       4.00000000       3.00000000       2.00000000       1.00000000    
   1.00000000       2.00000000       3.00000000       4.00000000       5.00000000       6.00000000    

 Matriz b:
   1.00000000       2.00000000       3.00000000       4.00000000       5.00000000       63.0000000    
   6.00000000       5.00000000       4.00000000       3.00000000       2.00000000       1.00000000    
   1.00000000       2.00000000       3.00000000       4.00000000       5.00000000       6.00000000    
   6.00000000       5.00000000       4.00000000       3.00000000       2.00000000       1.00000000    
   1.00000000       2.00000000       3.00000000       4.00000000       5.00000000       6.00000000    

 Resultado:
   2.00000000       4.00000000       6.00000000       8.00000000       10.0000000       69.0000000    
   12.0000000       10.0000000       8.00000000       6.00000000       4.00000000       2.00000000    
   2.00000000       4.00000000       6.00000000       8.00000000       10.0000000       12.0000000    
   12.0000000       10.0000000       8.00000000       6.00000000       4.00000000       2.00000000    
   2.00000000       4.00000000       6.00000000       8.00000000       10.0000000       12.0000000    
