 Tamanho de la matriz:           4

 Matriz a:
  0.50000000000000000       -2.0000000000000000        2.0000000000000000       -2.0000000000000000     
   10.000000000000000        0.0000000000000000       -2.0000000000000000        2.0000000000000000     
   0.0000000000000000        12.000000000000000       0.50000000000000000       -2.0000000000000000     
   0.0000000000000000        0.0000000000000000        14.000000000000000        0.0000000000000000     

 Vector b:   0.0000000000000000        0.0000000000000000        0.0000000000000000        0.0000000000000000     
 Etapa           1
  0.50000000000000000       -2.0000000000000000        2.0000000000000000       -2.0000000000000000     
   20.000000000000000        40.000000000000000       -42.000000000000000        42.000000000000000     
   0.0000000000000000        12.000000000000000       0.50000000000000000       -2.0000000000000000     
   0.0000000000000000        0.0000000000000000        14.000000000000000        0.0000000000000000     
 Etapa           2
  0.50000000000000000       -2.0000000000000000        2.0000000000000000       -2.0000000000000000     
   20.000000000000000        40.000000000000000       -42.000000000000000        42.000000000000000     
   0.0000000000000000       0.29999999999999999        13.100000000000000       -14.600000000000000     
   0.0000000000000000        0.0000000000000000        14.000000000000000        0.0000000000000000     
 Etapa           3
  0.50000000000000000       -2.0000000000000000        2.0000000000000000       -2.0000000000000000     
   20.000000000000000        40.000000000000000       -42.000000000000000        42.000000000000000     
   0.0000000000000000       0.29999999999999999        13.100000000000000       -14.600000000000000     
   0.0000000000000000        0.0000000000000000        1.0687022900763359        15.603053435114504     

 Determinante:   4088.0000000000000     

 Matriz reducida (ojo con los factores de escalado, no estoy seguro del todo de que se guarden bien):
  0.50000000000000000       -2.0000000000000000        2.0000000000000000       -2.0000000000000000     
   20.000000000000000        40.000000000000000       -42.000000000000000        42.000000000000000     
   0.0000000000000000       0.29999999999999999        13.100000000000000       -14.600000000000000     
   0.0000000000000000        0.0000000000000000        1.0687022900763359        15.603053435114504     

 Terminos independientes   0.0000000000000000        0.0000000000000000        0.0000000000000000        0.0000000000000000     

 Solucion:   0.0000000000000000        0.0000000000000000        0.0000000000000000        0.0000000000000000     

 Residuo:    0.0000000000000000        0.0000000000000000        0.0000000000000000        0.0000000000000000     

 Tiempo total de calculo:    2.23000068E-04
