 Tamanho de la matriz:           4

 Matriz a:
  0.50000000000000000       -2.0000000000000000        2.0000000000000000       -2.0000000000000000     
   10.000000000000000        0.0000000000000000       -2.0000000000000000        2.0000000000000000     
   0.0000000000000000        12.000000000000000       0.50000000000000000       -2.0000000000000000     
   0.0000000000000000        0.0000000000000000        14.000000000000000        0.0000000000000000     

 Vector b:   0.0000000000000000        0.0000000000000000        0.0000000000000000        0.0000000000000000     

 Etapa           1

 Matriz permutada:
   10.000000000000000        0.0000000000000000       -2.0000000000000000        2.0000000000000000     
   5.0000000000000003E-002  -2.0000000000000000        2.1000000000000001       -2.1000000000000001     
   0.0000000000000000        12.000000000000000       0.50000000000000000       -2.0000000000000000     
   0.0000000000000000        0.0000000000000000        14.000000000000000        0.0000000000000000     

 Permutacion de filas:           2           1           3           4

 Etapa           2

 Matriz permutada:
   10.000000000000000        0.0000000000000000       -2.0000000000000000        2.0000000000000000     
   0.0000000000000000        12.000000000000000       0.50000000000000000       -2.0000000000000000     
   5.0000000000000003E-002 -0.16666666666666666        2.1833333333333336       -2.4333333333333336     
   0.0000000000000000        0.0000000000000000        14.000000000000000        0.0000000000000000     

 Permutacion de filas:           2           3           1           4

 Etapa           3

 Matriz permutada:
   10.000000000000000        0.0000000000000000       -2.0000000000000000        2.0000000000000000     
   0.0000000000000000        12.000000000000000       0.50000000000000000       -2.0000000000000000     
   0.0000000000000000        0.0000000000000000        14.000000000000000        0.0000000000000000     
   5.0000000000000003E-002 -0.16666666666666666       0.15595238095238098       -2.4333333333333336     

 Permutacion de filas:           2           3           4           1

 Determinante:   4088.0000000000005     

 Matriz escalonada permutada:
   10.000000000000000        0.0000000000000000       -2.0000000000000000        2.0000000000000000     
   0.0000000000000000        12.000000000000000       0.50000000000000000       -2.0000000000000000     
   0.0000000000000000        0.0000000000000000        14.000000000000000        0.0000000000000000     
   5.0000000000000003E-002 -0.16666666666666666       0.15595238095238098       -2.4333333333333336     

 Permutacion de filas:           2           3           4           1

 Solucion:   0.0000000000000000        0.0000000000000000        0.0000000000000000       -0.0000000000000000     

 Residuo:    0.0000000000000000        0.0000000000000000        0.0000000000000000        0.0000000000000000     

 Tiempo total de calculo:    2.95999926E-04
