
 Matriz identidad:
   1.0000000000000000        0.0000000000000000        0.0000000000000000     
   0.0000000000000000        1.0000000000000000        0.0000000000000000     
   0.0000000000000000        0.0000000000000000        1.0000000000000000     

 Matriz a:
   1.0000000000000000        2.0000000000000000        3.0000000000000000     
   0.0000000000000000        4.0000000000000000        5.0000000000000000     
   0.0000000000000000        0.0000000000000000        6.0000000000000000     

 Matriz inversa:
   1.0000000000000000      -0.50000000000000000       -8.3333333333333370E-002
   0.0000000000000000       0.25000000000000000      -0.20833333333333331     
   0.0000000000000000        0.0000000000000000       0.16666666666666666     

 Resultado de A por su inversa:
   1.0000000000000000        0.0000000000000000        0.0000000000000000     
   0.0000000000000000        1.0000000000000000        0.0000000000000000     
   0.0000000000000000        0.0000000000000000        1.0000000000000000     
